C11 = 30.7e10;     % in N/m^2
C12 = 16.5e10;
C13 =10.27e10;
C33 =35.81e10;
C44 = 7.51e10;
rho = 8900;   %  in kg/m^3

% C = [C11 C13 0 C12; C13 C33 0 C13; 0 0 C44 0; C12 C13 0 C11];
